1	0.3894653	622.6546	
1	1.673805	621.5969	
1	3.26088	644.5229	
1	4.538589	642.0241	
1	5.256866	591.7855	
1	6.895157	630.4225	
1	8.208366	635.3121	
1	9.250305	625.1583	
1	10.52145	624.2525	
1	11.85526	628.4938	
1	13.08942	625.4488	
1	14.34457	626.2941	
1	15.57867	625.1296	
1	16.81478	622.881	
1	18.16105	630.2632	
1	19.45155	631.2886	
1	20.70597	630.2346	
1	21.86944	626.9179	
1	23.0246	619.034	
1	24.21766	615.1693	
1	25.47059	611.7476	
1	26.72726	605.6813	
1	27.99603	605.4348	
1	29.18189	596.9149	
1	30.41926	601.603	
1	31.60885	599.9538	
1	32.91294	603.5176	
1	34.28353	608.7209	
1	35.69572	613.6562	
1	37.09026	608.1661	
1	38.22771	589.7567	
1	39.65788	580.4604	
1	41.22015	576.6939	
1	43.01035	579.3367	
1	44.83726	584.0657	
1	47.11437	607.3574	
1	49.68143	629.753	
1	52.24548	647.3268	
1	54.09452	603.5036	
1	57.35087	630.5959	
2	0.6191254	643.7569	
2	1.953987	647.0644	
2	3.271935	645.5172	
2	4.54287	642.405	
2	6.096001	665.5947	
2	7.076744	646.2557	
2	8.425133	654.0346	
2	9.580566	653.409	
2	10.85246	652.2811	
2	12.16608	654.5607	
2	13.4567	655.9487	
2	14.71651	656.8929	
2	15.91889	652.8511	
2	17.11175	646.8404	
2	18.35862	646.0616	
2	19.63784	646.0469	
2	20.94924	649.3318	
2	22.28614	659.3569	
2	23.51243	656.6536	
2	24.65327	648.4487	
2	25.86695	641.7403	
2	27.1227	635.3115	
2	28.42992	637.6668	
2	29.67405	633.1258	
2	30.79887	629.3148	
2	31.99226	627.712	
2	33.35218	635.0692	
2	34.77032	643.4096	
2	36.03194	637.4056	
2	37.41537	630.898	
2	38.80947	630.0344	
2	40.68195	650.6923	
2	42.26	647.2615	
2	43.87516	637.3653	
2	45.38506	620.4067	
2	47.76951	650.4164	
2	50.2187	664.6541	
2	52.40447	657.5215	
2	54.73328	643.7459	
2	57.387	632.8377	
3	0.2685928	611.5657	
3	1.662125	620.5373	
3	3.040726	624.7322	
3	4.188683	610.9285	
3	5.629395	624.4911	
3	6.655312	609.5455	
3	8.201523	634.7219	
3	9.266815	626.5688	
3	10.56618	628.0361	
3	11.80872	624.5955	
3	13.06345	623.2949	
3	14.29386	622.1297	
3	15.60192	627.0217	
3	16.8818	628.2839	
3	18.08537	624.2177	
3	19.42213	628.9608	
3	20.73425	632.4526	
3	22.04862	640.8553	
3	23.32626	642.2817	
3	24.53399	639.3264	
3	25.75372	633.1624	
3	26.98583	625.0472	
3	28.25343	624.5436	
3	29.67342	633.0806	
3	30.9426	639.8262	
3	32.12234	637.1456	
3	33.27834	629.7585	
3	34.67757	636.7922	
3	35.97259	633.2094	
3	37.54478	639.9605	
3	38.80206	629.5204	
3	40.28687	623.5439	
3	41.86251	620.2309	
3	43.5116	612.9323	
3	45.10191	601.6066	
3	46.93461	595.5721	
3	49.40389	611.7684	
3	51.64378	608.8356	
3	54.59127	634.7859	
3	57.17007	619.3874	
4	0.3683319	620.7149	
4	1.713341	625.1876	
4	2.990295	620.2034	
4	4.2164	613.3882	
4	5.510254	614.0206	
4	6.808907	622.9109	
4	7.640572	586.4235	
4	9.180321	619.1817	
4	10.47388	620.2309	
4	11.75927	620.4555	
4	13.01112	618.9565	
4	14.26283	619.5809	
4	15.51006	619.5485	
4	16.83509	624.518	
4	18.06739	622.7816	
4	19.35622	623.7459	
4	20.68679	628.7307	
4	21.80808	622.1492	
4	23.11868	626.2783	
4	24.37972	627.538	
4	25.78312	635.3896	
4	27.15658	637.8542	
4	28.40156	635.5562	
4	29.68616	634.02	
4	30.88216	635.4048	
4	32.27489	648.2204	
4	33.65815	657.1004	
4	35.00825	660.4055	
4	36.52615	672.4086	
4	38.01281	672.7999	
4	39.41167	671.8849	
4	40.90968	666.3735	
4	42.70704	677.7376	
4	44.77911	698.3522	
4	46.74972	711.4669	
4	48.26865	683.3364	
4	50.48374	681.913	
4	52.61396	670.9676	
4	55.09534	666.6237	
4	57.70243	652.4227	
5	0.2560883	610.4189	
5	1.774513	630.7442	
5	3.004524	621.4803	
5	4.448845	634.0401	
5	5.705315	631.1684	
5	6.661194	610.0576	
5	8.067787	623.1874	
5	9.132942	615.1363	
5	10.4461	617.8817	
5	11.73962	618.8118	
5	13.06017	623.0226	
5	14.30424	622.9811	
5	15.45483	615.0569	
5	16.63593	608.4774	
5	17.82386	603.3541	
5	19.08582	602.3751	
5	20.46033	610.9859	
5	21.70235	613.937	
5	23.06518	622.1584	
5	24.33845	624.3868	
5	25.47123	611.7946	
5	26.75002	607.3842	
5	27.89002	597.5746	
5	29.3679	610.5855	
5	30.65969	619.1457	
5	31.91062	621.7964	
5	33.15794	621.1031	
5	34.33788	612.5887	
5	35.71203	614.8067	
5	37.21915	617.1724	
5	38.69991	622.4385	
5	40.30126	624.5308	
5	42.14266	639.2751	
5	43.9669	643.5384	
5	45.80169	648.1264	
5	47.41232	626.9179	
5	49.44279	614.2867	
5	51.96528	629.3843	
5	54.50387	629.2763	
5	56.89194	602.1682	
6	0.1096802	597.0021	
6	1.415077	598.1337	
6	2.757256	599.3026	
6	4.001984	594.3727	
6	5.452705	608.9669	
6	6.731224	616.1489	
6	7.879211	606.9442	
6	8.923309	597.2591	
6	10.17363	594.8781	
6	11.42757	592.7285	
6	12.67796	591.3802	
6	13.98707	596.9643	
6	15.26196	599.3886	
6	16.562	602.5283	
6	17.83604	604.3245	
6	18.98739	594.6053	
6	20.15044	586.7501	
6	21.37009	588.1716	
6	22.69712	593.8533	
6	23.98579	597.4953	
6	25.30476	599.2226	
6	26.6125	597.098	
6	27.8579	595.1961	
6	29.29047	604.8928	
6	30.51708	608.7374	
6	31.70187	606.6823	
6	32.84917	598.9455	
6	34.07259	593.7239	
6	35.32246	587.3525	
6	36.69378	580.5068	
6	38.30674	595.2187	
6	40.0747	608.9913	
6	41.78564	615.013	
6	43.48072	610.8589	
6	44.80354	581.8337	
6	46.65969	577.574	
6	48.93398	581.3845	
6	51.02389	569.3227	
6	53.57676	570.9914	
6	56.65278	587.3824	
7	0.2054672	605.7784	
7	1.269829	584.9825	
7	2.521744	578.2204	
7	3.989899	593.3022	
7	5.181381	585.1705	
7	6.751945	617.9525	
7	7.861603	605.4286	
7	8.969254	601.1751	
7	10.21926	598.727	
7	11.48603	597.6082	
7	12.7965	601.183	
7	14.03605	600.978	
7	15.34307	605.9755	
7	16.62441	607.5496	
7	17.87881	607.7339	
7	19.14787	607.275	
7	20.3055	598.8698	
7	21.42789	592.6497	
7	22.54896	582.4788	
7	23.74113	578.8796	
7	25.25239	595.2706	
7	26.75489	607.7492	
7	28.22262	622.2548	
7	29.34513	608.9119	
7	30.28333	591.6976	
7	31.31115	578.4517	
7	32.41877	568.1301	
7	33.74725	570.6325	
7	35.12511	573.4719	
7	36.65565	577.8493	
7	38.06986	578.8539	
7	39.63009	578.5604	
7	41.28846	581.3155	
7	43.09409	584.941	
7	44.6898	574.305	
7	46.54017	569.7585	
7	48.22048	535.4152	
7	50.45762	533.3547	
7	53.28391	552.6479	
7	56.54015	580.4268	
8	0	586.9631	
8	1.287888	586.6164	
8	2.710487	595.1125	
8	3.916412	586.794	
8	5.264923	592.4922	
8	6.336967	581.8978	
8	7.37719	563.8204	
8	8.75515	582.9402	
8	10.03501	583.1935	
8	11.34312	585.6795	
8	12.57728	583.0599	
8	13.80088	581.7202	
8	15.0485	582.0735	
8	16.30914	582.206	
8	17.53786	580.5831	
8	18.78539	578.68	
8	20.02254	576.7629	
8	21.18874	574.1335	
8	22.52546	580.6765	
8	23.93176	593.3815	
8	25.12029	585.3078	
8	26.48832	587.817	
8	27.56107	573.2222	
8	28.86268	573.4908	
8	30.16656	583.1948	
8	31.47042	589.9507	
8	32.81023	596.1531	
8	33.93752	584.131	
8	35.23876	581.4638	
8	36.7266	582.7932	
8	38.10694	581.4144	
8	39.55795	573.6306	
8	40.97675	560.2431	
8	42.80668	565.7155	
8	45.1076	601.9844	
8	47.06605	604.1884	
8	49.17941	597.2426	
8	51.24694	583.5237	
8	54.06712	601.78	
8	56.79317	596.0604	
9	0.196106	604.9196	
9	1.313232	588.9107	
9	2.482224	574.6865	
9	3.913338	586.5212	
9	5.237495	590.0875	
9	6.183334	568.5805	
9	7.7276	593.9034	
9	8.755234	582.947	
9	10.04809	584.2946	
9	11.28512	580.8412	
9	12.55814	581.4803	
9	13.7338	576.2343	
9	14.98255	576.7299	
9	16.28783	580.4958	
9	17.58652	584.4533	
9	18.93913	590.7985	
9	20.18763	589.6547	
9	21.33697	585.6063	
9	22.52129	580.3572	
9	23.74474	579.1542	
9	25.18435	590.1369	
9	26.64912	599.8348	
9	28.08886	612.3232	
9	29.34306	608.7581	
9	30.32665	594.8531	
9	31.52453	593.8607	
9	32.78017	593.9992	
9	34.0676	593.3681	
9	35.36012	590.0032	
9	36.88197	593.6257	
9	38.44315	604.6553	
9	39.89957	596.9954	
9	41.35781	586.0103	
9	42.88181	570.7375	
9	44.77552	579.9788	
9	46.82896	588.6525	
9	49.02645	587.3561	
9	51.56075	603.5347	
9	54.04557	600.4244	
9	56.89716	602.4904	
