1	0.02669525	598.9059	
1	1.186661	592.7859	
1	2.50209	592.5186	
1	3.982582	606.8655	
1	5.184212	599.2007	
1	6.410744	606.6171	
1	7.715332	610.8432	
1	9.103973	602.0413	
1	10.24386	603.2425	
1	11.34573	600.5612	
1	12.57478	598.9133	
1	13.83817	599.8868	
1	15.01796	593.8419	
1	16.22252	589.3234	
1	17.51724	593.8834	
1	18.71112	589.7043	
1	19.92928	588.8718	
1	21.21439	592.3215	
1	22.42526	585.7193	
1	23.78435	592.5015	
1	25.06688	591.7825	
1	26.47421	603.0942	
1	27.74536	597.9178	
1	28.96207	586.0751	
1	30.23598	579.3021	
1	31.93451	610.798	
1	32.92554	590.6931	
1	34.62653	617.7316	
1	35.97363	609.4492	
1	37.33658	602.706	
1	38.99875	609.711	
1	40.65816	612.0041	
1	42.06287	591.8271	
1	43.55243	569.1476	
1	45.23259	549.6689	
1	47.52835	571.2851	
1	49.96736	582.7029	
1	52.40584	583.1082	
1	54.83969	573.4787	
1	58.41467	603.6612	
2	0.3943939	635.17	
2	1.553467	628.5519	
2	2.719261	613.4384	
2	4.20652	628.2169	
2	5.662331	644.3088	
2	6.64856	628.8297	
2	8.022331	639.2355	
2	9.24855	615.2304	
2	10.21137	600.3085	
2	11.50691	614.9954	
2	12.75871	615.2206	
2	13.97766	612.1292	
2	15.22299	611.6562	
2	16.48668	612.0468	
2	17.72652	611.7166	
2	19.02304	616.0336	
2	20.31476	621.1172	
2	21.57457	622.1762	
2	22.91248	625.7108	
2	24.20593	626.7953	
2	25.38152	617.1243	
2	26.56818	610.5948	
2	27.85277	606.4072	
2	29.20088	604.7562	
2	30.63492	610.2097	
2	31.90761	608.7289	
2	33.26834	616.8076	
2	34.57916	614.1525	
2	35.99887	611.3358	
2	37.30585	600.4318	
2	38.69435	587.4216	
2	40.49353	600.0705	
2	42.20236	601.8216	
2	43.85326	590.4172	
2	45.88579	595.2512	
2	47.81964	591.3754	
2	50.4111	612.9276	
2	52.78329	608.4341	
2	55.13281	592.8214	
2	58.39937	602.6682	
3	0.5574417	651.2869	
3	1.634262	636.445	
3	3.167747	656.7624	
3	4.124817	620.4233	
3	5.763756	653.9023	
3	6.479515	613.0356	
3	7.993599	636.5762	
3	9.031334	595.4208	
3	10.55006	630.9409	
3	11.67564	630.126	
3	12.94154	631.4542	
3	14.17947	629.866	
3	15.4437	630.8646	
3	16.75522	635.195	
3	17.92842	628.9493	
3	19.1705	628.5043	
3	20.37537	626.1948	
3	21.55002	620.1395	
3	22.8922	624.0433	
3	24.16272	623.2761	
3	25.51082	627.5565	
3	26.70004	621.1295	
3	27.99687	617.8055	
3	29.23355	607.3135	
3	30.64827	611.2442	
3	31.64394	588.4769	
3	32.74586	577.0297	
3	34.01782	571.8198	
3	35.53481	576.6794	
3	37.32495	601.846	
3	39.12813	619.1983	
3	40.79758	622.1225	
3	42.20728	602.1738	
3	43.95233	597.4319	
3	46.02742	605.1596	
3	48.19521	617.3349	
3	50.14114	594.5291	
3	52.49814	589.2953	
3	55.27922	602.4954	
3	58.81686	629.7971	
4	0.370697	632.8287	
4	1.529297	626.1911	
4	2.921829	632.9855	
4	4.180336	625.7187	
4	5.502907	629.2484	
4	6.672539	631.0715	
4	7.892487	627.2183	
4	9.499374	638.1479	
4	10.65555	640.4996	
4	11.64702	627.5583	
4	12.88648	626.5622	
4	14.10722	623.5135	
4	15.33788	621.6507	
4	16.51109	614.1501	
4	17.71957	611.1252	
4	18.99307	613.5013	
4	20.2471	615.4514	
4	21.539	619.2252	
4	22.84906	620.4977	
4	24.05905	614.8361	
4	25.28687	609.4949	
4	26.45912	601.8893	
4	27.79329	601.705	
4	29.1636	601.8375	
4	30.45627	596.3571	
4	31.62877	587.3141	
4	33.07349	601.9559	
4	34.53851	611.0812	
4	36.07428	616.9772	
4	37.48872	613.9731	
4	39.0304	612.0297	
4	40.47757	598.9133	
4	42.41928	617.3813	
4	44.26205	619.3887	
4	46.08617	609.2728	
4	47.82825	591.9699	
4	49.81964	572.6602	
4	52.23024	571.3461	
4	54.66054	561.6739	
4	58.1507	586.5421	
5	0.2587204	621.7764	
5	1.50341	623.6642	
5	2.872169	628.19	
5	4.239624	631.3779	
5	5.565025	635.1138	
5	6.402679	605.8633	
5	7.745033	613.5867	
5	9.491234	637.4039	
5	10.57079	632.8183	
5	11.62466	625.5521	
5	12.80209	619.0689	
5	14.04147	617.7341	
5	15.29617	618.0228	
5	16.62303	623.7955	
5	17.96529	632.0993	
5	19.29367	638.9297	
5	20.55872	641.5714	
5	21.77701	638.9914	
5	22.9343	627.5052	
5	24.16824	623.7259	
5	25.47488	624.6561	
5	26.78705	628.0856	
5	28.14076	629.2007	
5	29.45558	624.7134	
5	30.68935	614.4333	
5	32.01649	617.1042	
5	33.35675	623.555	
5	34.58752	614.7842	
5	36.18124	624.9857	
5	37.60167	622.3428	
5	39.17673	622.7628	
5	40.76413	619.6939	
5	42.46986	621.0117	
5	44.62878	645.4422	
5	46.76999	657.2549	
5	48.69221	651.7813	
5	51.01314	654.0646	
5	53.33578	645.607	
5	56.0489	653.4909	
5	59.11433	649.166	
6	0	596.279	
6	1.262085	600.1309	
6	2.4907	591.423	
6	4.040916	612.4234	
6	5.036613	585.3122	
6	6.536598	618.3658	
6	7.725693	611.8002	
6	9.169426	608.0099	
6	10.23683	602.6077	
6	11.51827	616.0135	
6	12.79052	618.0429	
6	14.04665	618.1894	
6	15.31255	619.4473	
6	16.59793	621.6318	
6	17.76553	615.0455	
6	18.98314	612.6627	
6	20.14169	606.6293	
6	21.28923	598.5178	
6	22.6046	600.4239	
6	23.97807	608.248	
6	25.25302	606.7685	
6	26.56403	610.2628	
6	27.85609	606.6702	
6	29.40884	621.0495	
6	30.89233	630.1974	
6	32.07132	621.3211	
6	33.27095	617.0084	
6	34.5135	609.1928	
6	35.90762	604.5132	
6	37.21036	593.3676	
6	38.89206	601.8936	
6	40.67072	612.9153	
6	42.64594	633.6612	
6	44.59953	643.3615	
6	46.29932	624.2056	
6	47.93289	599.1983	
6	50.15012	595.1413	
6	52.68178	601.6171	
6	55.51089	617.8195	
6	58.33179	598.2828	
7	0.08059692	604.2148	
7	1.477989	621.1819	
7	2.761093	617.4716	
7	3.992447	607.8055	
7	5.142708	595.2939	
7	6.539291	618.6185	
7	7.617775	601.8362	
7	9.221146	612.7292	
7	10.25414	604.1721	
7	11.44669	609.5999	
7	12.74362	613.8821	
7	14.04948	618.4378	
7	15.28424	616.9839	
7	16.54126	616.7471	
7	17.75557	614.1946	
7	18.93016	608.1876	
7	20.1794	609.7836	
7	21.35252	603.7619	
7	22.63448	602.8751	
7	23.85539	598.2748	
7	25.23238	605.1053	
7	26.53024	607.5662	
7	27.81932	603.7625	
7	29.02763	591.2003	
7	30.25905	581.0861	
7	31.68713	591.7917	
7	33.0807	602.5058	
7	34.54843	611.8307	
7	35.98613	610.383	
7	37.435	609.9924	
7	38.70587	588.2651	
7	40.27264	584.0781	
7	41.9261	582.0383	
7	43.69289	579.0744	
7	45.84285	592.2495	
7	47.88242	595.7108	
7	50.18462	597.4899	
7	52.96861	620.889	
7	55.75229	633.8101	
7	58.52682	610.9433	
8	0.2760468	623.4848	
8	1.597267	632.8299	
8	2.769424	618.2755	
8	4.164742	624.2313	
8	5.364731	616.21	
8	6.615105	625.7016	
8	7.575073	597.8958	
8	9.640991	651.1087	
8	10.51787	628.0252	
8	11.62308	625.4105	
8	12.88522	626.4499	
8	14.16065	628.2108	
8	15.43553	630.1535	
8	16.66371	627.3013	
8	17.93335	629.371	
8	19.13716	625.6839	
8	20.34	623.2315	
8	21.69647	632.2983	
8	22.97578	630.9177	
8	24.33519	637.3312	
8	25.71538	644.0781	
8	27.02115	646.8253	
8	28.39124	649.0616	
8	29.77568	649.8477	
8	31.33777	664.8709	
8	32.66118	666.813	
8	34.05095	676.6592	
8	35.30087	668.8162	
8	36.7312	666.2473	
8	38.27193	672.1512	
8	39.73096	663.508	
8	41.28587	657.6266	
8	42.76706	642.3721	
8	44.74751	653.8907	
8	46.86096	663.6533	
8	49.02785	675.1022	
8	51.22511	668.5843	
8	53.54677	659.8361	
8	55.93925	646.2106	
8	58.66576	619.9698	
9	0.02707672	598.9444	
9	1.272133	601.1093	
9	2.70253	611.8246	
9	3.971703	605.8298	
9	5.23835	604.299	
9	6.498283	614.7879	
9	7.856544	623.8943	
9	9.112236	602.7939	
9	10.43229	620.2798	
9	11.48547	613.0746	
9	12.73701	613.2956	
9	14.00942	614.9185	
9	15.32199	620.2689	
9	16.61035	622.7023	
9	17.8998	626.5054	
9	19.18445	629.6848	
9	20.42117	630.0357	
9	21.73456	635.4623	
9	23.14922	645.1956	
9	24.34213	637.8976	
9	25.61943	636.3254	
9	26.85397	633.4396	
9	28.40755	650.3568	
9	30.10918	676.0934	
9	31.47005	675.1877	
9	32.70938	670.5399	
9	33.79013	656.6782	
9	34.96681	643.4799	
9	36.41252	642.3196	
9	37.92143	646.0776	
9	39.65753	658.1027	
9	41.25618	655.4648	
9	43.15907	670.6076	
9	44.89981	664.7366	
9	46.89679	666.1746	
9	48.94205	669.1348	
9	51.46141	684.7934	
9	53.88606	682.7554	
9	56.46402	681.0904	
9	59.30901	661.8594	
